{
    "desriptor_0": {
        "type_id": "opencv-matrix",
        "rows": 104,
        "cols": 64,
        "dt": "u",
        "data": [ 180, 255, 255, 239, 33, 0, 0, 0, 192, 194, 29, 239,
            112, 199, 127, 255, 255, 255, 223, 35, 12, 0, 0, 0, 0, 16, 0,
            0, 0, 2, 60, 225, 25, 255, 252, 247, 191, 61, 131, 24, 198,
            0, 3, 0, 0, 20, 2, 0, 128, 96, 48, 115, 251, 125, 79, 4, 128,
            104, 96, 36, 18, 0, 16, 244, 128, 255, 239, 227, 225, 128, 1,
            0, 134, 136, 16, 130, 0, 199, 255, 255, 191, 249, 192, 33,
            12, 128, 0, 0, 0, 0, 208, 122, 235, 205, 61, 135, 24, 127,
            254, 253, 239, 157, 195, 24, 192, 0, 2, 0, 0, 0, 32, 189,
            255, 255, 95, 66, 179, 12, 102, 254, 223, 104, 96, 0, 0, 0,
            0, 128, 244, 255, 255, 255, 239, 0, 0, 0, 128, 194, 13, 255,
            240, 195, 15, 50, 136, 96, 134, 63, 60, 195, 0, 0, 0, 0, 48,
            239, 57, 103, 60, 243, 200, 3, 0, 0, 0, 0, 140, 115, 238, 19,
            147, 57, 0, 3, 0, 129, 203, 161, 242, 63, 0, 0, 0, 0, 0, 131,
            217, 101, 0, 41, 16, 16, 244, 191, 247, 255, 102, 192, 0, 1,
            129, 130, 13, 255, 247, 255, 13, 34, 8, 96, 134, 255, 127,
            227, 0, 0, 0, 32, 123, 238, 57, 101, 60, 243, 200, 1, 0, 0,
            0, 0, 140, 115, 206, 19, 19, 57, 129, 1, 0, 129, 219, 160,
            50, 63, 0, 0, 0, 0, 0, 131, 217, 101, 0, 33, 16, 16, 176,
            123, 223, 239, 225, 192, 0, 3, 131, 134, 13, 239, 127, 255,
            13, 34, 0, 64, 2, 237, 127, 255, 51, 12, 131, 96, 119, 238,
            57, 103, 48, 227, 203, 3, 3, 0, 0, 0, 8, 96, 140, 19, 3, 0,
            51, 23, 0, 128, 193, 233, 50, 59, 13, 0, 0, 0, 0, 128, 137,
            225, 18, 4, 84, 48, 180, 59, 199, 225, 238, 192, 0, 1, 1,
            130, 13, 239, 126, 195, 4, 0, 0, 64, 163, 239, 127, 195, 1,
            0, 1, 48, 63, 174, 24, 100, 60, 251, 200, 1, 0, 0, 0, 0, 140,
            243, 222, 19, 19, 8, 177, 23, 0, 183, 91, 229, 58, 29, 0, 0,
            0, 0, 0, 131, 201, 101, 18, 229, 52, 16, 132, 123, 223, 239,
            0, 0, 0, 0, 224, 200, 17, 175, 112, 195, 29, 111, 252, 255,
            195, 3, 12, 224, 4, 47, 128, 0, 17, 99, 26, 107, 44, 227, 56,
            99, 12, 0, 156, 119, 143, 24, 230, 0, 0, 0, 0, 184, 13, 154,
            219, 255, 119, 115, 25, 14, 2, 64, 182, 75, 64, 0, 0, 32, 32,
            192, 180, 253, 255, 7, 0, 16, 32, 0, 227, 214, 61, 239, 113,
            199, 63, 255, 254, 251, 193, 33, 14, 0, 0, 0, 0, 0, 48, 227,
            29, 119, 124, 231, 25, 103, 60, 241, 158, 19, 195, 24, 231,
            222, 243, 191, 208, 131, 41, 155, 219, 255, 119, 243, 187, 4,
            64, 236, 151, 104, 84, 0, 0, 32, 224, 251, 128, 123, 223,
            231, 225, 193, 3, 6, 134, 140, 25, 192, 64, 199, 253, 111,
            60, 97, 128, 33, 76, 227, 48, 127, 135, 67, 195, 18, 203,
            174, 61, 231, 24, 127, 31, 57, 0, 0, 0, 0, 0, 3, 22, 33, 50,
            36, 0, 0, 0, 224, 112, 113, 187, 15, 3, 2, 0, 0, 0, 128, 0,
            0, 128, 248, 180, 59, 223, 239, 0, 0, 0, 0, 224, 192, 0, 43,
            112, 192, 5, 46, 124, 247, 203, 7, 8, 192, 0, 0, 0, 0, 0, 96,
            8, 67, 12, 99, 24, 99, 12, 0, 28, 119, 143, 24, 228, 0, 3, 0,
            128, 151, 35, 152, 217, 239, 54, 51, 185, 15, 0, 64, 182, 75,
            64, 0, 0, 0, 96, 192, 225, 255, 167, 209, 240, 253, 127, 0,
            128, 128, 1, 64, 240, 227, 143, 47, 16, 0, 0, 12, 128, 146,
            255, 252, 134, 7, 0, 94, 120, 227, 0, 131, 152, 99, 15, 12,
            0, 0, 0, 64, 0, 3, 12, 227, 48, 102, 57, 0, 128, 243, 54, 66,
            153, 14, 1, 2, 0, 0, 0, 192, 96, 24, 17, 0, 255, 140, 97,
            252, 255, 127, 8, 0, 128, 129, 239, 127, 191, 64, 2, 16, 192,
            0, 4, 254, 249, 207, 31, 12, 128, 0, 0, 64, 8, 99, 142, 121,
            224, 0, 0, 0, 0, 0, 28, 231, 156, 35, 3, 49, 0, 160, 111, 25,
            136, 101, 186, 29, 0, 0, 0, 0, 0, 131, 203, 249, 16, 128,
            217, 91, 251, 157, 32, 120, 126, 255, 28, 0, 0, 128, 207,
            254, 255, 112, 2, 16, 192, 0, 5, 146, 241, 255, 127, 60, 128,
            1, 2, 68, 16, 99, 220, 123, 196, 129, 0, 0, 0, 0, 8, 224, 24,
            127, 15, 49, 0, 64, 255, 187, 8, 100, 186, 61, 4, 0, 0, 0, 0,
            128, 137, 217, 118, 8, 0, 138, 132, 127, 207, 227, 233, 1, 1,
            0, 0, 128, 1, 14, 48, 199, 255, 127, 63, 233, 128, 33, 8,
            193, 0, 12, 0, 1, 0, 126, 248, 227, 5, 71, 0, 100, 254, 125,
            128, 0, 0, 0, 128, 2, 15, 57, 0, 226, 127, 0, 0, 0, 96, 116,
            155, 236, 7, 7, 128, 96, 241, 57, 30, 255, 255, 255, 254,
            221, 227, 32, 0, 64, 64, 225, 227, 199, 175, 255, 255, 255,
            255, 255, 159, 127, 196, 1, 0, 32, 4, 97, 32, 188, 57, 99, 0,
            0, 0, 224, 191, 127, 255, 253, 199, 28, 195, 24, 32, 0, 0, 0,
            0, 248, 7, 0, 0, 0, 0, 48, 25, 108, 255, 191, 217, 104, 64,
            0, 0, 32, 96, 236, 160, 123, 255, 239, 225, 209, 35, 2, 0, 0,
            24, 206, 112, 199, 29, 111, 124, 0, 0, 8, 0, 243, 183, 127,
            135, 7, 0, 0, 0, 0, 12, 225, 24, 231, 30, 57, 0, 0, 2, 8, 32,
            67, 14, 32, 0, 6, 0, 0, 193, 96, 48, 241, 251, 15, 1, 0, 0,
            0, 129, 65, 0, 0, 0, 224, 180, 123, 207, 225, 104, 192, 0, 0,
            129, 130, 29, 239, 248, 255, 13, 34, 72, 96, 227, 47, 63,
            227, 16, 12, 128, 0, 0, 64, 8, 111, 60, 243, 8, 1, 0, 0, 0,
            0, 236, 115, 198, 1, 2, 32, 0, 2, 0, 129, 201, 101, 50, 25,
            0, 0, 0, 0, 6, 131, 253, 101, 16, 0, 16, 0, 248, 255, 239,
            251, 96, 0, 0, 0, 192, 192, 30, 127, 176, 65, 15, 30, 136,
            241, 199, 63, 30, 195, 0, 6, 128, 0, 0, 64, 8, 103, 60, 127,
            0, 1, 0, 0, 0, 66, 204, 123, 198, 1, 2, 32, 0, 2, 0, 129,
            201, 101, 48, 16, 0, 0, 0, 0, 6, 147, 253, 37, 16, 0, 16, 0,
            176, 123, 195, 232, 109, 128, 0, 0, 130, 198, 13, 111, 48,
            193, 69, 14, 56, 237, 255, 175, 29, 195, 32, 14, 130, 0, 0,
            64, 8, 103, 29, 111, 24, 33, 0, 0, 0, 70, 252, 123, 198, 1,
            2, 32, 0, 2, 0, 129, 201, 229, 255, 31, 0, 0, 0, 0, 6, 147,
            233, 37, 16, 0, 16, 16, 180, 25, 223, 239, 231, 3, 0, 0, 128,
            192, 125, 239, 119, 79, 36, 224, 64, 227, 139, 239, 124, 195,
            0, 14, 128, 0, 0, 64, 8, 127, 252, 255, 239, 141, 32, 130,
            16, 98, 252, 127, 222, 17, 3, 32, 0, 2, 0, 129, 201, 229,
            187, 29, 0, 0, 0, 0, 6, 131, 255, 101, 16, 8, 16, 48, 180,
            123, 207, 96, 96, 208, 0, 0, 128, 134, 13, 239, 125, 231, 4,
            3, 0, 80, 2, 33, 127, 251, 55, 12, 128, 1, 0, 64, 0, 103, 60,
            243, 200, 1, 0, 0, 0, 0, 204, 231, 255, 63, 7, 33, 0, 6, 0,
            128, 193, 228, 50, 63, 4, 0, 0, 0, 0, 131, 155, 255, 18, 8,
            16, 48, 180, 187, 223, 247, 239, 0, 0, 0, 192, 194, 13, 239,
            123, 239, 45, 162, 8, 99, 139, 33, 8, 195, 48, 14, 192, 1, 0,
            64, 0, 99, 60, 227, 203, 3, 0, 0, 0, 0, 12, 32, 228, 211,
            135, 33, 0, 6, 0, 128, 193, 228, 50, 63, 13, 0, 0, 0, 4, 163,
            253, 255, 19, 8, 16, 48, 180, 59, 223, 229, 226, 210, 0, 0,
            128, 130, 29, 239, 123, 239, 173, 163, 78, 122, 232, 111, 63,
            251, 1, 4, 129, 19, 0, 64, 0, 35, 188, 227, 203, 11, 0, 0, 0,
            0, 236, 224, 143, 19, 3, 33, 0, 6, 0, 129, 193, 228, 50, 63,
            0, 0, 0, 0, 4, 131, 129, 225, 18, 8, 16, 48, 180, 121, 195,
            107, 4, 0, 64, 32, 224, 214, 189, 239, 53, 0, 68, 104, 125,
            245, 145, 35, 12, 224, 0, 1, 32, 0, 0, 64, 0, 35, 28, 104, 0,
            0, 0, 64, 9, 183, 159, 56, 198, 0, 0, 0, 0, 0, 0, 129, 0, 96,
            48, 48, 0, 0, 4, 76, 182, 235, 96, 0, 0, 0, 0, 128, 180, 59,
            215, 0, 0, 0, 64, 0, 0, 128, 1, 111, 120, 192, 132, 47, 126,
            248, 131, 1, 12, 128, 0, 12, 128, 3, 0, 64, 0, 35, 12, 97, 0,
            3, 140, 241, 254, 19, 3, 16, 0, 0, 0, 160, 0, 14, 225, 185,
