{
    "desriptor_0": {
        "type_id": "opencv-matrix",
        "rows": 203,
        "cols": 64,
        "dt": "u",
        "data": [ 235, 255, 239, 243, 255, 160, 128, 198, 70, 0, 26, 255,
            249, 255, 255, 255, 255, 255, 255, 243, 143, 255, 40, 142, 2,
            2, 64, 105, 33, 109, 124, 231, 63, 127, 252, 255, 255, 255,
            247, 159, 247, 24, 131, 48, 0, 0, 0, 191, 67, 239, 247, 255,
            235, 253, 255, 255, 255, 108, 118, 32, 16, 12, 24, 16, 0, 64,
            8, 143, 135, 199, 127, 8, 188, 184, 33, 130, 79, 255, 253,
            239, 31, 127, 254, 239, 63, 190, 0, 0, 0, 0, 0, 242, 255,
            147, 244, 199, 255, 255, 255, 255, 255, 252, 255, 255, 255,
            141, 3, 32, 0, 0, 0, 152, 239, 170, 247, 247, 255, 247, 255,
            255, 255, 125, 126, 36, 18, 13, 25, 58, 52, 64, 27, 96, 107,
            223, 22, 0, 128, 144, 253, 15, 25, 255, 255, 255, 127, 255,
            40, 224, 75, 223, 6, 12, 128, 1, 0, 0, 24, 127, 221, 165, 63,
            255, 255, 255, 255, 188, 243, 156, 247, 2, 3, 49, 48, 230, 7,
            0, 0, 117, 245, 243, 255, 247, 249, 243, 249, 108, 118, 62,
            26, 140, 157, 34, 32, 64, 26, 6, 65, 223, 127, 0, 128, 176,
            249, 14, 27, 127, 255, 255, 255, 255, 249, 0, 2, 190, 196,
            44, 128, 1, 0, 0, 8, 127, 207, 165, 63, 255, 255, 191, 255,
            254, 243, 156, 161, 204, 11, 33, 0, 4, 2, 0, 0, 100, 241,
            242, 251, 255, 255, 255, 255, 125, 100, 2, 16, 8, 89, 58, 0,
            0, 24, 0, 10, 159, 127, 0, 128, 160, 225, 14, 26, 124, 253,
            239, 127, 255, 121, 64, 1, 188, 198, 44, 128, 0, 0, 0, 8,
            255, 207, 173, 63, 254, 255, 255, 255, 255, 243, 156, 177,
            236, 15, 49, 0, 6, 103, 25, 0, 100, 241, 242, 255, 255, 255,
            63, 217, 124, 39, 2, 18, 0, 73, 74, 52, 0, 16, 4, 111, 31,
            62, 0, 128, 160, 237, 15, 62, 124, 253, 239, 127, 255, 56,
            192, 75, 255, 6, 12, 128, 0, 1, 2, 24, 119, 223, 173, 63,
            255, 255, 255, 255, 252, 243, 140, 247, 118, 3, 49, 16, 38,
            8, 152, 65, 101, 241, 243, 255, 255, 249, 179, 217, 108, 70,
            162, 18, 140, 153, 58, 0, 0, 24, 4, 10, 31, 127, 0, 144, 176,
            225, 14, 26, 60, 253, 255, 127, 255, 121, 64, 1, 188, 198,
            60, 8, 0, 0, 64, 0, 255, 207, 173, 63, 254, 255, 255, 255,
            253, 243, 140, 177, 252, 15, 32, 0, 6, 33, 137, 200, 117,
            245, 242, 251, 255, 251, 243, 255, 108, 38, 146, 18, 8, 17,
            18, 48, 0, 16, 0, 111, 223, 62, 0, 128, 160, 253, 15, 63,
            125, 253, 239, 127, 255, 56, 192, 1, 223, 6, 12, 128, 1, 0,
            0, 24, 127, 223, 173, 63, 255, 255, 255, 255, 253, 115, 140,
            247, 102, 3, 33, 0, 6, 0, 128, 1, 101, 241, 242, 255, 255,
            255, 255, 249, 124, 70, 2, 18, 8, 25, 50, 188, 1, 0, 252,
            255, 223, 28, 0, 128, 246, 255, 127, 63, 56, 228, 248, 119,
            206, 56, 240, 251, 255, 119, 30, 128, 1, 0, 0, 24, 39, 158,
            40, 38, 252, 255, 255, 255, 255, 51, 132, 20, 34, 6, 33, 0,
            4, 70, 0, 200, 100, 188, 208, 255, 255, 255, 255, 217, 124,
            2, 184, 16, 8, 25, 58, 176, 1, 16, 4, 106, 223, 62, 0, 128,
            128, 253, 111, 63, 120, 252, 239, 127, 255, 249, 65, 3, 255,
            196, 44, 128, 1, 3, 2, 8, 98, 252, 109, 39, 253, 255, 255,
            255, 255, 255, 156, 161, 252, 11, 49, 16, 100, 207, 186, 89,
            237, 255, 247, 255, 255, 255, 112, 156, 108, 102, 2, 18, 8,
            136, 168, 180, 59, 215, 239, 98, 64, 0, 0, 0, 128, 29, 239,
            112, 65, 4, 8, 104, 192, 128, 111, 126, 195, 16, 12, 128, 1,
            2, 0, 0, 100, 254, 127, 224, 253, 255, 255, 255, 241, 129,
            151, 255, 19, 3, 49, 48, 102, 131, 32, 17, 229, 186, 213,
            255, 255, 255, 243, 249, 124, 126, 47, 26, 207, 31, 34, 180,
            123, 195, 104, 36, 0, 0, 0, 192, 198, 141, 111, 48, 1, 0, 0,
            255, 255, 255, 255, 31, 227, 16, 14, 128, 0, 1, 130, 25, 239,
            31, 152, 252, 242, 221, 231, 255, 255, 255, 191, 199, 24,
            147, 57, 56, 7, 0, 128, 219, 117, 213, 255, 255, 255, 255,
            255, 255, 255, 96, 180, 31, 205, 153, 59, 160, 59, 128, 9,
            192, 212, 125, 0, 0, 128, 253, 239, 255, 255, 253, 227, 207,
            127, 251, 225, 15, 144, 240, 111, 144, 3, 2, 68, 24, 111,
            252, 243, 255, 255, 247, 255, 255, 255, 243, 223, 231, 140,
            242, 183, 48, 70, 121, 155, 219, 101, 242, 127, 233, 253,
            255, 255, 251, 76, 126, 55, 129, 42, 17, 18, 180, 59, 215,
            237, 98, 192, 0, 1, 129, 2, 12, 239, 127, 65, 4, 42, 104,
            224, 129, 235, 126, 195, 16, 12, 129, 35, 55, 142, 40, 100,
            252, 255, 232, 253, 251, 255, 255, 253, 131, 151, 255, 19,
            19, 57, 49, 231, 255, 4, 154, 229, 178, 209, 255, 255, 251,
            243, 249, 124, 66, 36, 18, 205, 137, 239, 180, 59, 215, 237,
            230, 192, 0, 1, 0, 0, 28, 239, 127, 195, 12, 170, 105, 224,
            1, 225, 127, 227, 18, 12, 129, 3, 6, 8, 0, 100, 252, 251,
            110, 253, 255, 255, 255, 255, 147, 150, 255, 18, 19, 33, 49,
            247, 255, 0, 0, 229, 178, 209, 255, 255, 255, 255, 255, 124,
            66, 164, 18, 140, 141, 207, 180, 123, 207, 225, 104, 64, 0,
            0, 0, 0, 13, 239, 120, 195, 4, 2, 0, 64, 128, 47, 127, 227,
            17, 12, 0, 0, 22, 0, 0, 100, 124, 127, 200, 193, 155, 127,
            254, 227, 129, 151, 255, 19, 3, 0, 48, 215, 194, 0, 0, 229,
            186, 157, 246, 255, 255, 247, 249, 52, 64, 172, 16, 132, 93,
            53, 180, 59, 223, 245, 239, 207, 0, 0, 128, 130, 253, 255,
            127, 255, 4, 0, 0, 64, 191, 255, 127, 203, 1, 12, 128, 1, 19,
            38, 0, 100, 252, 241, 194, 129, 243, 239, 115, 225, 0, 195,
            204, 19, 3, 17, 48, 245, 154, 34, 16, 100, 58, 17, 246, 255,
            255, 247, 249, 16, 88, 233, 18, 132, 212, 117, 180, 59, 223,
            231, 96, 0, 0, 0, 0, 192, 13, 239, 114, 195, 4, 2, 72, 64,
            128, 111, 126, 195, 1, 12, 0, 128, 27, 39, 24, 100, 252, 255,
            232, 237, 251, 255, 255, 241, 131, 151, 255, 19, 3, 25, 184,
            241, 255, 2, 0, 224, 50, 241, 254, 255, 255, 255, 249, 60,
            82, 172, 18, 205, 132, 207, 180, 59, 199, 233, 238, 196, 0,
            0, 128, 128, 12, 239, 127, 211, 12, 162, 111, 238, 1, 225,
            109, 239, 51, 12, 128, 96, 23, 174, 56, 102, 188, 251, 108,
            221, 255, 255, 255, 255, 179, 158, 255, 50, 3, 17, 49, 245,
            255, 126, 58, 239, 255, 255, 239, 255, 251, 243, 255, 125,
            86, 32, 18, 132, 128, 239, 180, 123, 223, 231, 96, 64, 0, 0,
            0, 128, 13, 239, 112, 193, 4, 0, 104, 64, 128, 111, 126, 195,
            1, 12, 128, 1, 3, 102, 16, 100, 252, 255, 232, 237, 251, 255,
            255, 251, 131, 151, 255, 19, 3, 49, 48, 227, 255, 62, 16,
            196, 178, 209, 254, 255, 251, 243, 249, 60, 82, 172, 18, 140,
            137, 207, 180, 59, 223, 231, 98, 64, 0, 0, 0, 130, 13, 239,
            115, 195, 4, 34, 104, 96, 129, 107, 126, 195, 16, 12, 129, 3,
            3, 4, 0, 100, 252, 255, 232, 253, 251, 255, 255, 249, 131,
            151, 255, 19, 19, 57, 49, 231, 255, 0, 128, 229, 178, 209,
            255, 255, 255, 255, 249, 62, 66, 36, 18, 141, 129, 239, 176,
            255, 255, 99, 96, 192, 0, 0, 0, 198, 63, 239, 49, 71, 255,
            255, 191, 255, 194, 33, 14, 243, 54, 14, 131, 65, 3, 128, 25,
            127, 124, 161, 17, 111, 252, 255, 255, 27, 195, 12, 135, 28,
            155, 49, 51, 6, 0, 146, 251, 53, 247, 247, 255, 255, 255,
            247, 253, 124, 118, 48, 30, 141, 153, 50, 176, 59, 199, 239,
            231, 198, 1, 2, 130, 134, 29, 239, 255, 255, 253, 227, 9, 68,
            0, 33, 8, 247, 55, 62, 131, 65, 97, 238, 57, 239, 252, 227,
            255, 255, 255, 159, 247, 252, 251, 31, 188, 252, 155, 51, 2,
            32, 61, 191, 219, 239, 18, 243, 255, 246, 255, 255, 251, 124,
