{
     "desriptor_0": {
        "type_id": "opencv-matrix",
        "rows": 71,
        "cols": 64,
        "dt": "u",
        "data": [ 255, 255, 63, 16, 16, 48, 224, 176, 224, 195, 31, 255,
            248, 231, 255, 255, 190, 121, 228, 49, 143, 251, 254, 255,
            255, 167, 3, 128, 24, 110, 60, 227, 25, 111, 159, 56, 134,
            24, 227, 156, 247, 252, 251, 255, 255, 255, 95, 0, 216, 239,
            50, 115, 187, 14, 1, 2, 213, 109, 118, 62, 159, 231, 255, 35,
            251, 255, 239, 251, 112, 224, 128, 99, 0, 199, 63, 255, 245,
            215, 255, 255, 191, 255, 254, 181, 142, 227, 56, 139, 231,
            251, 79, 132, 57, 110, 252, 239, 61, 125, 253, 181, 255, 255,
            255, 159, 247, 152, 209, 9, 255, 255, 83, 18, 218, 101, 242,
            245, 255, 255, 255, 255, 191, 124, 119, 54, 27, 64, 198, 247,
            212, 59, 7, 0, 0, 0, 0, 241, 247, 206, 4, 227, 110, 162, 140,
            43, 111, 252, 243, 167, 15, 255, 208, 7, 96, 160, 240, 255,
            75, 1, 176, 255, 108, 209, 251, 255, 255, 255, 255, 159, 255,
            28, 242, 16, 13, 147, 41, 201, 0, 234, 178, 129, 240, 125,
            250, 252, 255, 125, 119, 32, 26, 143, 133, 255, 240, 63, 2,
            0, 0, 0, 240, 255, 119, 68, 156, 249, 255, 255, 205, 3, 14,
            124, 247, 175, 63, 122, 0, 129, 127, 254, 255, 191, 35, 68,
            176, 243, 204, 145, 195, 132, 247, 255, 255, 255, 255, 156,
            225, 8, 239, 249, 255, 102, 2, 79, 18, 0, 80, 190, 254, 253,
            58, 255, 255, 39, 19, 64, 100, 205, 254, 255, 255, 243, 249,
            225, 128, 129, 199, 207, 63, 255, 249, 239, 255, 255, 255,
            251, 236, 49, 140, 235, 60, 143, 129, 32, 97, 227, 8, 0, 120,
            227, 27, 255, 254, 251, 223, 191, 3, 0, 4, 16, 218, 255, 19,
            163, 253, 33, 176, 44, 114, 119, 9, 0, 0, 8, 222, 235, 32, 0,
            0, 248, 251, 0, 160, 251, 255, 239, 225, 192, 65, 111, 7, 0,
            28, 232, 241, 207, 127, 255, 255, 255, 207, 33, 12, 99, 48,
            107, 231, 255, 255, 31, 32, 236, 120, 231, 59, 111, 252, 243,
            255, 255, 207, 24, 70, 216, 249, 255, 255, 77, 216, 247, 3,
            207, 247, 247, 33, 0, 206, 252, 255, 105, 32, 150, 239, 81,
            0, 0, 128, 3, 0, 8, 238, 223, 63, 16, 16, 160, 193, 238, 127,
            56, 192, 0, 67, 12, 1, 128, 113, 223, 247, 60, 156, 7, 0, 0,
            0, 3, 174, 123, 230, 144, 243, 255, 255, 255, 51, 134, 24,
            118, 47, 115, 0, 6, 0, 129, 217, 100, 186, 12, 224, 255, 255,
            255, 255, 124, 18, 152, 118, 24, 17, 48, 255, 255, 231, 112,
            120, 120, 128, 128, 129, 199, 31, 255, 252, 243, 207, 51,
            143, 124, 228, 49, 143, 251, 248, 255, 251, 35, 1, 130, 57,
            103, 60, 243, 204, 19, 195, 24, 199, 28, 227, 156, 103, 220,
            242, 183, 127, 127, 3, 26, 219, 237, 50, 59, 12, 227, 181,
            163, 145, 76, 68, 0, 0, 176, 241, 255, 252, 255, 255, 255,
            255, 224, 0, 0, 131, 134, 31, 255, 241, 207, 127, 254, 251,
            255, 255, 255, 255, 255, 63, 142, 131, 35, 97, 206, 57, 239,
            124, 227, 25, 111, 252, 227, 127, 3, 0, 0, 4, 254, 223, 121,
            51, 39, 248, 255, 255, 239, 50, 65, 249, 253, 254, 14, 0,
            224, 145, 0, 192, 189, 185, 18, 254, 255, 231, 251, 245, 64,
            0, 1, 193, 199, 31, 255, 255, 255, 255, 247, 143, 127, 244,
            177, 143, 227, 56, 14, 129, 160, 49, 231, 25, 255, 252, 255,
            255, 253, 243, 159, 231, 156, 243, 28, 198, 24, 147, 57, 57,
            231, 127, 1, 218, 239, 59, 0, 0, 252, 255, 183, 217, 108, 96,
            36, 26, 205, 157, 59, 255, 255, 239, 48, 48, 48, 128, 193,
            227, 207, 15, 51, 128, 247, 255, 255, 191, 253, 196, 49, 136,
            0, 24, 226, 0, 168, 57, 227, 217, 3, 5, 0, 0, 254, 255, 255,
            255, 255, 227, 28, 247, 208, 146, 22, 73, 129, 4, 137, 237,
            58, 0, 0, 144, 252, 255, 255, 249, 124, 118, 54, 155, 140,
            12, 13, 251, 255, 239, 243, 241, 32, 128, 194, 64, 65, 31,
            255, 255, 255, 255, 255, 255, 255, 252, 241, 143, 251, 56,
            142, 64, 129, 242, 239, 127, 239, 116, 227, 63, 255, 255,
            255, 255, 253, 243, 28, 134, 16, 146, 49, 40, 195, 53, 159,
            255, 33, 0, 224, 255, 255, 255, 247, 249, 108, 96, 32, 90,
            136, 0, 129, 148, 127, 71, 32, 0, 0, 0, 255, 255, 255, 189,
            33, 8, 35, 129, 33, 126, 253, 247, 191, 63, 127, 240, 3, 127,
            240, 248, 225, 207, 159, 7, 0, 0, 240, 221, 239, 255, 255,
            255, 159, 7, 24, 128, 0, 12, 24, 100, 129, 0, 16, 12, 4, 251,
            253, 255, 127, 8, 204, 65, 32, 88, 30, 94, 76, 255, 141, 115,
            48, 112, 126, 160, 128, 0, 131, 79, 255, 255, 255, 163, 145,
            198, 90, 108, 251, 255, 255, 11, 136, 0, 33, 59, 230, 56,
            231, 140, 49, 2, 0, 0, 0, 4, 255, 253, 255, 255, 7, 19, 57,
            177, 227, 120, 191, 255, 255, 63, 15, 7, 2, 128, 252, 255,
            31, 66, 230, 58, 207, 159, 255, 252, 27, 0, 8, 0, 64, 248,
            115, 32, 102, 207, 127, 126, 121, 192, 129, 239, 254, 255,
            231, 15, 32, 240, 203, 255, 255, 127, 133, 17, 38, 0, 16, 70,
            155, 228, 255, 255, 255, 255, 191, 231, 140, 240, 206, 255,
            255, 87, 2, 250, 56, 62, 19, 247, 125, 254, 252, 254, 255,
            103, 36, 129, 98, 230, 255, 240, 191, 135, 64, 0, 128, 224,
            119, 99, 4, 12, 253, 255, 255, 255, 255, 191, 124, 244, 185,
            15, 123, 160, 131, 127, 251, 255, 157, 115, 68, 48, 227, 31,
            255, 255, 255, 255, 253, 251, 255, 255, 156, 241, 8, 255,
            253, 23, 102, 255, 139, 50, 115, 187, 124, 127, 52, 248, 255,
            255, 62, 255, 69, 196, 255, 255, 255, 255, 255, 51, 0, 128,
            193, 64, 195, 63, 255, 247, 255, 127, 247, 136, 119, 223,
            255, 190, 227, 24, 138, 65, 241, 63, 165, 24, 110, 124, 227,
            139, 63, 61, 128, 117, 255, 255, 127, 207, 152, 147, 24, 191,
            245, 223, 54, 89, 101, 50, 49, 25, 12, 0, 92, 254, 255, 255,
            255, 127, 197, 196, 255, 255, 255, 255, 247, 241, 225, 131,
            129, 131, 131, 0, 112, 224, 207, 191, 255, 190, 255, 239, 49,
            128, 129, 56, 228, 231, 63, 101, 222, 105, 237, 29, 163, 25,
            35, 4, 0, 0, 2, 206, 120, 96, 128, 16, 37, 243, 62, 249, 173,
            6, 131, 112, 123, 9, 202, 199, 207, 35, 72, 101, 36, 129, 54,
            161, 214, 255, 255, 255, 243, 112, 96, 128, 129, 193, 131, 6,
            250, 240, 255, 255, 255, 191, 255, 196, 49, 136, 227, 188,
            239, 129, 34, 37, 138, 104, 231, 124, 231, 25, 3, 0, 0, 4,
            223, 143, 8, 38, 254, 31, 49, 17, 38, 79, 60, 223, 231, 115,
            127, 143, 203, 199, 1, 128, 238, 5, 130, 112, 156, 153, 58,
            255, 255, 255, 247, 112, 224, 192, 131, 3, 135, 7, 112, 240,
            255, 255, 255, 158, 255, 254, 63, 140, 131, 8, 128, 131, 123,
            107, 222, 89, 228, 28, 163, 24, 255, 63, 32, 4, 16, 242, 123,
            231, 153, 83, 61, 129, 96, 252, 191, 255, 255, 71, 227, 255,
            247, 249, 243, 65, 8, 252, 5, 219, 77, 152, 154, 75, 230,
            190, 223, 215, 163, 239, 255, 126, 9, 18, 216, 231, 223, 126,
            242, 255, 255, 223, 211, 206, 118, 46, 129, 126, 31, 196, 89,
            98, 200, 248, 255, 255, 255, 243, 151, 159, 52, 243, 125,
            247, 252, 73, 40, 2, 2, 160, 255, 119, 143, 247, 255, 255,
            247, 249, 243, 249, 124, 255, 22, 18, 0, 89, 16, 223, 254,
            32, 16, 0, 32, 192, 255, 109, 65, 2, 17, 136, 0, 130, 249,
            255, 255, 255, 23, 14, 32, 136, 195, 120, 156, 28, 17, 192,
            194, 15, 28, 32, 244, 252, 231, 191, 255, 255, 255, 231, 220,
            241, 254, 204, 15, 0, 129, 223, 255, 221, 198, 255, 255, 251,
            241, 56, 255, 255, 55, 255, 79, 18, 0, 203, 255, 255, 255,
            241, 224, 129, 239, 239, 95, 18, 240, 192, 207, 127, 255,
