{
	"desriptor_0": {
        "type_id": "opencv-matrix",
        "rows": 254,
        "cols": 64,
        "dt": "u",
        "data": [ 254, 255, 239, 243, 125, 64, 0, 0, 193, 199, 255, 255,
            255, 255, 255, 247, 159, 127, 252, 241, 239, 227, 56, 14, 0,
            0, 0, 192, 24, 111, 252, 231, 223, 191, 255, 255, 199, 156,
            241, 222, 199, 24, 147, 57, 0, 0, 32, 137, 217, 237, 115,
            241, 255, 255, 59, 35, 89, 252, 97, 36, 18, 141, 25, 16, 176,
            123, 223, 227, 96, 192, 0, 0, 0, 134, 29, 239, 121, 255, 253,
            239, 127, 255, 193, 33, 12, 227, 48, 14, 128, 1, 96, 239, 57,
            109, 124, 231, 63, 127, 244, 255, 255, 255, 227, 28, 247,
            220, 147, 57, 0, 0, 0, 191, 83, 237, 247, 255, 239, 241, 255,
            255, 219, 108, 118, 63, 159, 143, 25, 16, 180, 123, 223, 97,
            32, 64, 0, 0, 0, 0, 13, 239, 121, 255, 253, 239, 63, 121,
            192, 33, 14, 225, 16, 14, 129, 3, 0, 68, 0, 101, 124, 231,
            63, 255, 255, 255, 255, 159, 227, 156, 247, 220, 19, 33, 0,
            0, 32, 191, 89, 237, 247, 255, 235, 249, 254, 255, 219, 108,
            118, 63, 159, 15, 25, 16, 148, 72, 255, 47, 1, 0, 0, 0, 233,
            250, 5, 3, 0, 0, 0, 204, 252, 255, 203, 7, 8, 0, 0, 0, 0, 16,
            32, 227, 220, 3, 3, 0, 0, 0, 12, 225, 60, 119, 143, 24, 128,
            0, 0, 0, 0, 16, 32, 217, 97, 0, 0, 32, 152, 12, 70, 92, 246,
            75, 64, 0, 0, 0, 0, 0, 30, 0, 0, 12, 14, 14, 12, 248, 255,
            255, 230, 3, 14, 0, 0, 8, 96, 132, 27, 207, 125, 124, 7, 2,
            0, 128, 248, 243, 140, 153, 139, 28, 0, 208, 233, 255, 255,
            239, 17, 135, 191, 127, 15, 16, 0, 128, 4, 0, 0, 96, 56, 128,
            242, 255, 255, 255, 251, 60, 0, 218, 127, 8, 0, 128, 254,
            159, 99, 112, 124, 104, 0, 128, 193, 239, 255, 255, 191, 49,
            2, 16, 128, 64, 6, 189, 253, 255, 31, 22, 129, 0, 32, 227,
            25, 39, 180, 120, 196, 0, 0, 64, 96, 195, 12, 131, 158, 255,
            31, 49, 0, 0, 32, 137, 1, 64, 48, 56, 12, 249, 255, 255, 255,
            125, 0, 0, 118, 8, 16, 16, 160, 255, 207, 227, 224, 192, 65,
            0, 0, 128, 1, 198, 112, 231, 255, 127, 62, 113, 0, 32, 0,
            130, 0, 12, 130, 27, 0, 0, 0, 2, 12, 227, 24, 103, 158, 57,
            198, 16, 3, 28, 0, 0, 0, 0, 0, 24, 199, 0, 0, 64, 48, 115,
            153, 12, 2, 40, 223, 255, 103, 0, 16, 0, 100, 196, 254, 191,
            231, 249, 126, 96, 0, 128, 129, 199, 31, 255, 255, 255, 238,
            50, 139, 110, 254, 255, 255, 227, 56, 14, 129, 0, 0, 192, 24,
            103, 188, 227, 207, 159, 231, 140, 35, 252, 253, 255, 207,
            16, 19, 49, 0, 226, 255, 59, 8, 228, 50, 59, 77, 2, 0, 0, 60,
            199, 255, 37, 16, 136, 205, 255, 252, 191, 231, 249, 254,
            192, 0, 3, 195, 2, 14, 255, 255, 255, 239, 50, 136, 100, 254,
            255, 255, 195, 16, 0, 195, 243, 127, 255, 57, 100, 48, 227,
            223, 191, 15, 0, 0, 252, 255, 191, 206, 16, 147, 25, 187,
            255, 255, 255, 62, 129, 242, 255, 15, 2, 0, 0, 36, 195, 193,
            36, 18, 231, 255, 255, 123, 128, 48, 254, 255, 255, 159, 136,
            24, 177, 255, 255, 255, 127, 34, 208, 193, 255, 255, 255,
            191, 255, 255, 143, 143, 3, 0, 0, 0, 119, 252, 255, 255, 223,
            33, 130, 63, 255, 255, 1, 0, 28, 254, 241, 0, 6, 226, 17, 0,
            228, 242, 251, 127, 183, 136, 240, 190, 3, 0, 0, 64, 62, 57,
            0, 244, 127, 199, 96, 96, 208, 0, 119, 231, 78, 12, 241, 252,
            255, 255, 39, 14, 80, 224, 41, 111, 123, 3, 0, 67, 240, 255,
            255, 251, 204, 48, 195, 223, 255, 255, 30, 231, 216, 243,
            255, 255, 255, 243, 28, 207, 225, 253, 255, 62, 155, 0, 243,
            255, 255, 249, 243, 249, 252, 255, 255, 255, 207, 140, 141,
            254, 255, 255, 255, 113, 96, 0, 129, 193, 207, 63, 255, 241,
            207, 127, 255, 255, 255, 255, 119, 142, 243, 184, 143, 227,
            161, 97, 199, 63, 255, 253, 255, 255, 253, 251, 167, 255,
            255, 247, 153, 231, 28, 243, 189, 63, 103, 43, 158, 255, 239,
            219, 193, 224, 28, 152, 124, 255, 107, 64, 166, 0, 128, 241,
            255, 255, 255, 255, 115, 48, 0, 128, 193, 227, 207, 63, 255,
            249, 239, 191, 255, 254, 251, 239, 113, 143, 251, 184, 143,
            64, 160, 241, 231, 255, 255, 255, 191, 123, 236, 185, 145,
            142, 122, 239, 156, 247, 254, 255, 57, 29, 163, 121, 191, 1,
            192, 241, 240, 56, 144, 143, 197, 182, 109, 54, 222, 247,
            253, 157, 27, 252, 255, 239, 251, 255, 224, 0, 131, 199, 207,
            31, 255, 255, 255, 254, 115, 139, 127, 183, 245, 223, 255,
            63, 14, 131, 224, 241, 239, 123, 255, 252, 255, 239, 221,
            243, 22, 35, 76, 248, 229, 191, 255, 159, 57, 1, 0, 8, 143,
            255, 255, 223, 141, 64, 34, 16, 0, 0, 128, 159, 255, 191,
            141, 25, 0, 255, 255, 255, 51, 0, 0, 192, 225, 227, 207, 63,
            255, 249, 239, 255, 255, 190, 251, 236, 49, 142, 241, 0, 3,
            32, 160, 56, 227, 25, 255, 255, 255, 255, 253, 243, 159, 239,
            24, 227, 156, 247, 222, 243, 61, 12, 1, 0, 129, 193, 224,
            241, 249, 124, 34, 32, 2, 145, 108, 118, 255, 255, 255, 29,
            57, 252, 255, 255, 247, 243, 64, 0, 1, 129, 199, 31, 255,
            241, 207, 63, 255, 252, 227, 204, 121, 238, 227, 48, 14, 193,
            225, 59, 130, 57, 255, 252, 255, 251, 239, 55, 223, 0, 0,
            128, 0, 198, 27, 151, 25, 191, 255, 95, 18, 223, 255, 0, 0,
            112, 255, 255, 163, 233, 48, 0, 136, 122, 193, 255, 255, 252,
            255, 231, 241, 248, 224, 0, 0, 0, 199, 191, 255, 255, 255,
            255, 247, 143, 124, 228, 49, 207, 255, 62, 14, 131, 1, 2,
            128, 57, 255, 252, 231, 255, 255, 255, 191, 231, 24, 227,
            132, 255, 255, 223, 57, 51, 102, 67, 154, 219, 239, 80, 241,
            251, 190, 185, 187, 209, 60, 254, 255, 255, 191, 25, 34, 252,
            255, 231, 249, 240, 224, 0, 0, 129, 199, 159, 255, 255, 255,
            254, 251, 239, 124, 132, 49, 140, 227, 62, 175, 131, 33, 35,
            134, 57, 255, 252, 235, 47, 95, 198, 24, 132, 0, 0, 0, 4, 26,
            222, 255, 51, 103, 91, 154, 219, 231, 190, 145, 247, 15, 1,
            2, 129, 0, 0, 200, 228, 187, 153, 50, 196, 255, 255, 255,
            241, 0, 1, 0, 132, 200, 1, 242, 241, 199, 31, 119, 156, 113,
            198, 63, 12, 192, 0, 4, 0, 0, 0, 98, 90, 171, 60, 227, 217,
            39, 23, 0, 4, 16, 202, 123, 198, 0, 3, 0, 0, 0, 44, 153, 201,
            239, 114, 115, 29, 6, 0, 0, 0, 195, 253, 37, 16, 0, 64, 192,
            180, 255, 255, 247, 33, 0, 0, 0, 128, 194, 5, 231, 241, 207,
            31, 119, 156, 113, 198, 63, 14, 227, 0, 12, 128, 0, 0, 226,
            24, 163, 60, 227, 217, 39, 23, 0, 4, 16, 200, 123, 199, 16,
            3, 0, 0, 0, 45, 155, 201, 228, 114, 115, 31, 6, 0, 0, 0, 130,
            237, 101, 16, 0, 0, 128, 65, 247, 190, 215, 209, 255, 255,
            158, 14, 8, 0, 128, 224, 239, 255, 127, 144, 159, 7, 16, 128,
            2, 40, 128, 6, 90, 196, 124, 98, 0, 0, 194, 25, 255, 31, 0,
            0, 0, 8, 0, 0, 0, 8, 192, 2, 24, 160, 237, 36, 10, 0, 113,
            249, 254, 135, 131, 0, 64, 129, 0, 100, 50, 34, 0, 254, 255,
            255, 255, 255, 1, 0, 193, 193, 199, 31, 255, 241, 207, 63,
            118, 144, 65, 142, 127, 252, 239, 63, 14, 0, 0, 32, 227, 25,
            111, 60, 227, 219, 7, 4, 0, 0, 0, 12, 96, 142, 123, 159, 49,
            0, 0, 36, 153, 201, 229, 114, 123, 13, 0, 0, 0, 0, 128, 137,
            201, 118, 13, 0, 0, 251, 157, 243, 255, 255, 231, 223, 255,
            31, 63, 255, 253, 255, 255, 255, 243, 143, 127, 30, 16, 128,
            2, 56, 224, 127, 31, 0, 192, 1, 255, 252, 247, 223, 255, 255,
            158, 231, 0, 2, 0, 96, 194, 4, 32, 195, 30, 0, 0, 193, 228,
            114, 115, 249, 254, 191, 3, 129, 252, 255, 255, 191, 15, 21,
            182, 148, 248, 255, 239, 3, 0, 0, 0, 224, 210, 37, 167, 113,
