{
    "desriptor_0": {
        "type_id": "opencv-matrix",
        "rows": 159,
        "cols": 64,
        "dt": "u",
        "data": [ 235, 255, 231, 241, 240, 160, 128, 247, 103, 79, 30,
            241, 255, 255, 207, 243, 207, 127, 255, 191, 143, 255, 252,
            131, 119, 226, 244, 249, 127, 207, 48, 211, 223, 191, 197, 2,
            23, 124, 254, 255, 231, 221, 243, 56, 15, 3, 0, 128, 193,
            255, 247, 255, 223, 3, 0, 0, 0, 130, 237, 119, 19, 200, 93,
            48, 248, 255, 231, 113, 96, 192, 128, 99, 3, 199, 31, 255,
            255, 255, 255, 55, 142, 120, 228, 49, 142, 243, 56, 139, 227,
            241, 107, 135, 17, 100, 252, 255, 255, 191, 131, 28, 134, 24,
            227, 156, 231, 156, 211, 8, 47, 224, 151, 34, 17, 229, 255,
            95, 100, 187, 49, 131, 145, 108, 101, 38, 155, 207, 159, 63,
            249, 255, 239, 241, 240, 128, 128, 67, 2, 199, 255, 255, 255,
            255, 222, 113, 143, 121, 196, 49, 142, 195, 56, 138, 67, 241,
            122, 165, 25, 255, 254, 255, 239, 149, 147, 16, 198, 26, 199,
            24, 198, 152, 147, 57, 171, 225, 23, 18, 219, 255, 223, 205,
            246, 243, 177, 3, 144, 104, 96, 36, 255, 255, 159, 63, 212,
            255, 239, 251, 241, 193, 1, 7, 7, 14, 28, 255, 241, 247, 223,
            127, 159, 125, 244, 57, 142, 195, 48, 12, 7, 98, 224, 232,
            59, 255, 124, 231, 253, 55, 215, 0, 5, 20, 242, 120, 231, 17,
            19, 48, 3, 147, 117, 159, 223, 239, 247, 255, 13, 0, 0, 8, 6,
            11, 68, 231, 18, 12, 1, 2, 128, 255, 255, 247, 227, 129, 1,
            71, 207, 78, 16, 224, 224, 207, 255, 255, 255, 255, 252, 113,
            14, 227, 32, 2, 71, 18, 224, 209, 99, 223, 125, 231, 59, 255,
            255, 191, 207, 156, 243, 94, 198, 16, 147, 40, 10, 2, 231,
            25, 140, 255, 255, 255, 255, 0, 0, 0, 20, 207, 231, 37, 2,
            105, 9, 138, 0, 96, 156, 207, 199, 159, 63, 127, 30, 60, 252,
            255, 255, 255, 254, 243, 207, 255, 255, 71, 0, 22, 228, 96,
            255, 95, 196, 76, 7, 252, 255, 255, 255, 253, 243, 159, 255,
            254, 247, 157, 247, 254, 163, 46, 66, 224, 167, 62, 219, 239,
            255, 255, 103, 243, 249, 243, 217, 108, 118, 255, 191, 207,
            159, 63, 128, 255, 239, 227, 224, 0, 1, 103, 4, 0, 28, 255,
            249, 255, 255, 119, 159, 121, 228, 49, 143, 251, 52, 15, 70,
            227, 214, 141, 123, 255, 253, 255, 255, 253, 243, 30, 199,
            24, 226, 222, 255, 255, 255, 57, 63, 71, 82, 159, 255, 255,
            207, 205, 64, 34, 49, 35, 1, 24, 133, 130, 115, 205, 255, 59,
            107, 252, 255, 23, 80, 177, 162, 144, 202, 213, 35, 18, 128,
            255, 255, 255, 255, 255, 253, 17, 128, 144, 140, 228, 210,
            252, 255, 63, 136, 180, 73, 164, 63, 255, 255, 255, 255, 253,
            243, 28, 97, 196, 40, 7, 218, 248, 255, 254, 55, 22, 69, 243,
            255, 20, 8, 40, 254, 111, 100, 2, 209, 212, 255, 255, 123,
            212, 191, 22, 241, 187, 162, 128, 218, 213, 34, 18, 128, 239,
            255, 255, 255, 255, 239, 17, 128, 128, 172, 230, 210, 30, 0,
            66, 136, 149, 13, 164, 63, 255, 255, 191, 255, 255, 255, 28,
            32, 196, 8, 103, 0, 34, 239, 57, 0, 118, 81, 243, 255, 255,
            251, 243, 249, 111, 100, 2, 85, 8, 201, 206, 107, 244, 191,
            18, 80, 49, 162, 128, 202, 213, 35, 18, 128, 255, 255, 255,
            255, 255, 252, 17, 128, 144, 140, 230, 208, 28, 0, 64, 136,
            147, 13, 164, 63, 255, 255, 255, 255, 255, 255, 28, 32, 196,
            8, 35, 16, 38, 239, 25, 8, 127, 85, 243, 251, 255, 59, 48,
            252, 255, 102, 2, 213, 28, 157, 10, 107, 212, 191, 18, 81,
            59, 162, 128, 202, 253, 35, 18, 128, 255, 255, 255, 255, 255,
            253, 17, 128, 144, 236, 238, 254, 221, 27, 18, 140, 180, 77,
            164, 63, 255, 254, 255, 255, 255, 247, 28, 32, 196, 8, 3, 80,
            60, 136, 1, 128, 126, 209, 243, 251, 29, 122, 40, 248, 239,
            100, 2, 213, 212, 255, 127, 4, 232, 223, 7, 1, 209, 119, 63,
            44, 254, 49, 0, 129, 255, 255, 255, 255, 255, 253, 1, 6, 51,
            132, 33, 52, 4, 0, 0, 134, 191, 109, 132, 63, 255, 255, 191,
            255, 255, 255, 28, 1, 76, 104, 250, 4, 228, 255, 122, 8, 94,
            213, 243, 251, 255, 47, 240, 188, 111, 102, 18, 76, 200, 239,
            255, 4, 96, 95, 7, 1, 209, 119, 127, 63, 254, 125, 132, 3,
            255, 255, 255, 255, 255, 253, 1, 6, 57, 244, 107, 52, 36, 16,
            128, 134, 63, 77, 128, 63, 255, 255, 255, 255, 255, 243, 28,
            1, 76, 122, 242, 4, 224, 255, 126, 8, 94, 213, 243, 251, 255,
            250, 114, 253, 111, 102, 16, 68, 192, 239, 255, 254, 157,
            243, 124, 126, 96, 0, 1, 1, 195, 15, 255, 255, 255, 230, 147,
            136, 102, 254, 255, 255, 255, 63, 14, 1, 33, 51, 128, 24,
            102, 252, 255, 255, 221, 99, 132, 32, 252, 252, 227, 159, 63,
            151, 49, 33, 229, 86, 190, 255, 255, 223, 239, 103, 179, 17,
            0, 32, 3, 0, 193, 126, 191, 29, 32, 255, 255, 239, 17, 16,
            32, 224, 240, 32, 1, 2, 252, 248, 255, 255, 255, 255, 255,
            245, 49, 143, 240, 8, 129, 240, 19, 12, 93, 120, 239, 60,
            227, 31, 255, 254, 255, 255, 255, 255, 255, 247, 220, 227,
            40, 172, 66, 49, 143, 222, 255, 247, 247, 255, 255, 254, 255,
            31, 76, 102, 55, 159, 77, 17, 2, 123, 252, 255, 19, 241, 177,
            162, 128, 207, 145, 2, 18, 225, 255, 255, 255, 255, 255, 236,
            17, 128, 144, 188, 230, 215, 30, 1, 82, 8, 209, 92, 231, 63,
            127, 254, 255, 255, 253, 227, 28, 97, 212, 9, 35, 16, 54,
            239, 41, 20, 230, 242, 243, 251, 127, 123, 251, 255, 125,
            100, 2, 213, 28, 157, 254, 0, 248, 159, 3, 128, 17, 99, 127,
            12, 24, 57, 141, 145, 255, 255, 255, 255, 255, 236, 1, 6,
            114, 228, 107, 20, 1, 18, 0, 150, 58, 109, 128, 63, 255, 254,
            251, 223, 189, 243, 28, 1, 220, 250, 254, 0, 196, 215, 18, 0,
            116, 212, 243, 255, 255, 255, 255, 251, 108, 100, 18, 69,
            128, 121, 107, 123, 252, 255, 19, 113, 49, 162, 128, 239,
            215, 2, 18, 192, 255, 255, 255, 191, 255, 238, 17, 128, 128,
            188, 230, 247, 31, 1, 82, 0, 148, 93, 230, 63, 127, 253, 255,
            255, 221, 243, 28, 101, 212, 9, 7, 88, 54, 233, 41, 0, 198,
            80, 243, 255, 125, 114, 50, 223, 125, 100, 6, 85, 0, 197,
            254, 0, 96, 31, 7, 0, 209, 247, 127, 127, 62, 124, 136, 3,
            255, 255, 255, 255, 255, 253, 1, 6, 123, 244, 33, 52, 100,
            20, 128, 231, 223, 101, 128, 63, 255, 255, 191, 255, 254,
            247, 28, 35, 92, 123, 114, 0, 128, 71, 20, 1, 80, 208, 243,
            251, 255, 255, 247, 249, 108, 102, 18, 68, 8, 72, 200, 127,
            252, 255, 23, 241, 241, 163, 128, 239, 147, 34, 18, 129, 239,
            255, 255, 191, 255, 236, 17, 130, 144, 188, 228, 144, 12, 1,
            82, 204, 213, 77, 166, 63, 255, 255, 255, 255, 253, 243, 28,
            97, 196, 10, 1, 16, 32, 45, 184, 1, 64, 64, 243, 251, 63, 50,
            32, 248, 239, 100, 6, 81, 136, 221, 255, 0, 224, 223, 7, 1,
            209, 119, 60, 44, 56, 113, 132, 145, 255, 255, 255, 255, 255,
            253, 1, 6, 187, 132, 41, 52, 4, 0, 128, 255, 187, 69, 128,
            63, 255, 255, 191, 255, 254, 247, 28, 1, 76, 107, 114, 0,
            196, 119, 222, 9, 90, 213, 243, 255, 255, 251, 243, 255, 109,
            102, 18, 86, 8, 8, 239, 107, 252, 255, 23, 81, 49, 162, 128,
            200, 145, 34, 18, 128, 255, 255, 255, 191, 255, 255, 17, 128,
            128, 172, 239, 242, 15, 1, 66, 140, 243, 77, 166, 63, 255,
            255, 255, 255, 255, 243, 28, 101, 212, 40, 39, 16, 34, 239,
            189, 29, 214, 65, 243, 255, 127, 122, 48, 223, 111, 102, 6,
            85, 0, 201, 254, 4, 224, 31, 7, 128, 209, 119, 63, 8, 190,
            125, 134, 145, 255, 255, 255, 255, 255, 253, 1, 2, 187, 244,
